email
newborn2023rizwan@gmail.com
humayunkabirbgce@gmail.com
rizwan_164@yahoo.com
